1
2
3
5
6
7
9
10
11
12
14
15
17
18
20
21
22
24
25
26
29
31
32
33
34
35
36
38
39
40
41
42
43
44
45
46
47
48
49
50
51
52
53
55
56
57
58
59
60
61
63
64
65
66
68
69
70
71
72
74
75
76
77
78
79
80
81
82
83
84
85
86
88
89
90
91
92
93
95
96
97
98
99
100
101
103
104
105
106
107
108
109
110
111
112
113
114
115
245
246
247
248
249
251
252
253
254
116
117
118
119
120
121
122
124
125
127
128
129
131
132
133
134
135
137
138
139
140
141
142
143
145
146
148
149
150
151
152
153
154
156
157
158
159
160
162
163
164
166
167
168
169
170
171
172
173
174
175
176
178
179
181
183
184
185
186
187
188
189
190
191
192
194
195
196
197
198
199
200
201
202
203
204
205
206
207
209
210
212
213
214
215
216
217
219
220
221
223
225
226
227
228
229
230
231
232
233
234
235
236
237
238
239
240
241
243